800.0000	-0.00155565
799.0000	0.000150268
798.0000	0.000524522
797.0000	0.00028177
796.0000	0.000594253
795.0000	-8.63662E-005
794.0000	-0.00105185
793.0000	-0.00103854
792.0000	-0.00129015
791.0000	-0.00176181
790.0000	-0.00215073
789.0000	-0.000151286
788.0000	0.000194815
787.0000	0.000429548
786.0000	0.000810395
785.0000	0.000652996
784.0000	0.000283196
783.0000	-0.000285462
782.0000	-0.00138013
781.0000	-0.00108244
780.0000	-0.00106973
779.0000	-0.00157673
778.0000	-0.00169249
777.0000	-0.00138684
776.0000	-0.00246464
775.0000	-0.00191974
774.0000	-0.00131842
773.0000	-0.0019002
772.0000	-0.00114635
771.0000	-0.000692265
770.0000	-0.000431576
769.0000	-0.00175676
768.0000	-0.00207601
767.0000	-0.00136267
766.0000	-0.00178414
765.0000	-0.00229257
764.0000	-0.00217146
763.0000	-0.0016423
762.0000	-0.00126199
761.0000	-0.00147505
760.0000	-0.00140929
759.0000	-0.00099168
758.0000	-0.00104621
757.0000	-0.000159126
756.0000	2.34571E-005
755.0000	0.000190182
754.0000	-0.000586659
753.0000	-0.000581313
752.0000	-0.000438347
751.0000	-0.000536707
750.0000	-0.00178171
749.0000	-0.00234146
748.0000	-0.00283812
747.0000	-0.00293393
746.0000	-0.00290049
745.0000	-0.00248115
744.0000	-0.00199702
743.0000	-0.000883105
742.0000	-0.00111546
741.0000	-0.000916782
740.0000	-0.00281074
739.0000	-0.00264984
738.0000	-0.00234668
737.0000	-0.0016698
736.0000	-0.00128106
735.0000	-0.00115704
734.0000	-0.00098681
733.0000	-0.00133451
732.0000	-0.00171702
731.0000	-0.001794
730.0000	-0.00230558
729.0000	-0.00187609
728.0000	-0.00214099
727.0000	-0.0016312
726.0000	-0.00114278
725.0000	-0.000952835
724.0000	-0.00120444
723.0000	-0.00128712
722.0000	-0.00210375
721.0000	-0.00130012
720.0000	-0.00226965
719.0000	-0.00244682
718.0000	-0.00221007
717.0000	-0.00217039
716.0000	-0.00218821
715.0000	-0.00290447
714.0000	-0.00246292
713.0000	-0.00269534
712.0000	-0.00266487
711.0000	-0.00172534
710.0000	-0.00152464
709.0000	-0.000846338
708.0000	-0.000999164
707.0000	-0.000797574
706.0000	-0.000315991
705.0000	-0.000686147
704.0000	-0.000946599
703.0000	-0.00157834
702.0000	-0.000940778
701.0000	-0.00132656
700.0000	-0.000844378
699.0000	-0.00135412
698.0000	-0.000971308
697.0000	-0.00106266
696.0000	-0.00100285
695.0000	-0.00121869
694.0000	-0.00118846
693.0000	-0.00136469
692.0000	-0.00113637
691.0000	-0.00121436
690.0000	-0.00137811
689.0000	-0.000762649
688.0000	-0.00106628
687.0000	-0.00114724
686.0000	-0.00164189
685.0000	-0.0017962
684.0000	-0.0016941
683.0000	-0.00143466
682.0000	-0.000803811
681.0000	-0.000497209
680.0000	0.000100553
679.0000	0.000388327
678.0000	-4.03937E-005
677.0000	0.000373597
676.0000	-0.000335533
675.0000	0.000107146
674.0000	-0.000349015
673.0000	-0.000749998
672.0000	-0.0011135
671.0000	-0.00110934
670.0000	-0.00032793
669.0000	-0.00139195
668.0000	-0.00194594
667.0000	-0.00146376
666.0000	-0.00143513
665.0000	-0.000971783
664.0000	-0.00107418
663.0000	-0.00133653
662.0000	-0.00149221
661.0000	-0.00124738
660.0000	-0.0179013
659.0000	-0.0142241
658.0000	-0.0146925
657.0000	-0.0139944
656.0000	-0.0141083
655.0000	-0.013593
654.0000	-0.0137239
653.0000	-0.00197308
652.0000	-0.00216636
651.0000	-0.00159039
650.0000	-0.00172837
649.0000	-0.00244047
648.0000	-0.00379102
647.0000	-0.00333681
646.0000	-0.00249351
645.0000	-0.00243982
644.0000	-0.00190792
643.0000	-0.00112443
642.0000	-0.00119
641.0000	-0.000725052
640.0000	-0.000873898
639.0000	-0.000632216
638.0000	-0.000400749
637.0000	-0.000776251
636.0000	-0.000581788
635.0000	-0.00102809
634.0000	-0.0014741
633.0000	-0.00153248
632.0000	-0.00202784
631.0000	-0.00212644
630.0000	-0.00173995
629.0000	-0.00152078
628.0000	-0.00151745
627.0000	-0.00098093
626.0000	-0.000987523
625.0000	-0.00106195
624.0000	-0.00156978
623.0000	-0.00129739
622.0000	-0.00128658
621.0000	-0.00116238
620.0000	-0.000824124
619.0000	-0.000877699
618.0000	-0.000967744
617.0000	-0.000885183
616.0000	-0.00111683
615.0000	-0.000756769
614.0000	-0.00101176
613.0000	-0.00135887
612.0000	-0.00168358
611.0000	-0.00145432
610.0000	-0.00167277
609.0000	-0.00196536
608.0000	-0.00172926
607.0000	-0.00171833
606.0000	-0.00117319
605.0000	-0.00114124
604.0000	-0.00107816
603.0000	-0.000953311
602.0000	-0.000990849
601.0000	-0.00126045
600.0000	-0.00107264
599.0000	-0.00142189
598.0000	-0.00128824
597.0000	-0.00160815
596.0000	-0.00125837
595.0000	-0.00120325
594.0000	-0.00118133
593.0000	-0.00121139
592.0000	-0.000822996
591.0000	-0.000657281
590.0000	-0.000349431
589.0000	-0.000626395
588.0000	-0.000524056
587.0000	-0.000462046
586.0000	-0.00065437
585.0000	-0.00091993
584.0000	-0.000937868
583.0000	-0.000923731
582.0000	-0.000935135
581.0000	-0.00105886
580.0000	-0.000945292
579.0000	-0.000536944
578.0000	-0.00113281
577.0000	-0.00103528
576.0000	-0.000835469
575.0000	-0.000740792
574.0000	-0.000977604
573.0000	-0.000724339
572.0000	-0.000659419
571.0000	-0.000402709
570.0000	-0.00102963
569.0000	-0.000806187
568.0000	-0.000572879
567.0000	-0.000390533
566.0000	-0.000565455
565.0000	-0.000668032
564.0000	-0.00055209
563.0000	-0.00063869
562.0000	-0.000782012
561.0000	-0.000704619
560.0000	-0.000938996
559.0000	-0.000632869
558.0000	-0.000844438
557.0000	-0.000915951
556.0000	-0.000853406
555.0000	-0.00105636
554.0000	-0.000822105
553.0000	-0.000990968
552.0000	-0.00113132
551.0000	-0.000610655
550.0000	-0.00098978
549.0000	-0.000907457
548.0000	-0.000620574
547.0000	-0.000480637
546.0000	-0.000481112
545.0000	-0.000222443
544.0000	-0.000446187
543.0000	-0.000553575
542.0000	-0.000685375
541.0000	-0.00108256
540.0000	-0.00100558
539.0000	-0.000861128
538.0000	-0.000549418
537.0000	-0.000489962
536.0000	-0.000108521
535.0000	-8.29212E-005
534.0000	-0.00051871
533.0000	-0.000398671
532.0000	-0.000218285
531.0000	-0.000410906
530.0000	-0.000362855
529.0000	-0.000720359
528.0000	-0.000365528
527.0000	-0.000308389
526.0000	-0.000486814
525.0000	-0.000404788
524.0000	-0.000111906
523.0000	-8.9336E-005
522.0000	1.92399E-005
521.0000	0.000180916
520.0000	0.000219642
519.0000	0.000190182
518.0000	-0.000138932
517.0000	0.000114095
516.0000	-0.000489487
515.0000	-0.000283917
514.0000	-0.000395166
513.0000	-0.000524887
512.0000	-0.000848655
511.0000	-0.000428666
510.0000	-0.000335889
509.0000	-0.000557555
508.0000	-0.000446247
507.0000	-0.000535816
506.0000	-0.000521561
505.0000	-0.000499406
504.0000	-0.000584936
503.0000	-0.000381683
502.0000	-0.000297875
501.0000	-0.000255942
500.0000	-0.000275305
499.0000	-0.000228263
498.0000	-0.000289738
497.0000	-0.000331553
496.0000	-0.000124558
495.0000	-0.000213474
494.0000	-0.000283561
493.0000	-0.000334463
492.0000	-9.49192E-005
491.0000	-0.000275008
490.0000	-0.000266811
489.0000	-0.000173916
488.0000	-5.35796E-005
487.0000	8.78423E-005
486.0000	3.48611E-005
485.0000	0.000173194
484.0000	0.000172422
483.0000	0.00101513
482.0000	0.000104711
481.0000	0.000505931
480.0000	0.000386604
479.0000	0.000467205
478.0000	0.000441427
477.0000	0.000411966
476.0000	0.000349957
475.0000	0.00042444
474.0000	0.000310756
473.0000	0.000213406
472.0000	0.000530402
471.0000	0.000535213
470.0000	0.000495358
469.0000	0.000299827
468.0000	0.000279157
467.0000	0.000543291
466.0000	0.000712986
465.0000	0.000637671
464.0000	0.000740367
463.0000	0.000965716
462.0000	0.00111789
461.0000	0.000910834
460.0000	0.000884878
459.0000	0.00071251
458.0000	0.000833916
457.0000	0.000837658
456.0000	0.000858684
455.0000	0.000990424
454.0000	0.00105618
453.0000	0.00124999
452.0000	0.00135108
451.0000	0.00145514
450.0000	0.00136818
449.0000	0.00140323
448.0000	0.00145781
447.0000	0.00148193
446.0000	0.00144813
445.0000	0.00155065
444.0000	0.00166528
443.0000	0.00171945
442.0000	0.0015573
441.0000	0.00177124
440.0000	0.00171054
439.0000	0.00178823
438.0000	0.00186883
437.0000	0.00175972
436.0000	0.00193654
435.0000	0.00189509
434.0000	0.00203092
433.0000	0.00203366
432.0000	0.00214989
431.0000	0.00210256
430.0000	0.0023516
429.0000	0.00238623
428.0000	0.00245382
427.0000	0.00267068
426.0000	0.00271018
425.0000	0.00303751
424.0000	0.00310581
423.0000	0.00322265
422.0000	0.00344479
421.0000	0.00350377
420.0000	0.00335581
419.0000	0.00342804
418.0000	0.00332243
417.0000	0.00338129
416.0000	0.00346575
415.0000	0.00356483
414.0000	0.00378198
413.0000	0.00404861
412.0000	0.00403346
411.0000	0.00402978
410.0000	0.00426926
409.0000	0.00438152
408.0000	0.00464257
407.0000	0.00470618
406.0000	0.00475732
405.0000	0.00494436
404.0000	0.00497144
403.0000	0.00504319
402.0000	0.00499199
401.0000	0.00504913
400.0000	0.00512284
399.0000	0.00528832
398.0000	0.00543384
397.0000	0.00565901
396.0000	0.00583993
395.0000	0.00597227
394.0000	0.00610609
393.0000	0.00626628
392.0000	0.00632443
391.0000	0.00652233
390.0000	0.00660608
389.0000	0.00681961
388.0000	0.00698491
387.0000	0.00709366
386.0000	0.00721958
385.0000	0.00728195
384.0000	0.00737193
383.0000	0.00756788
382.0000	0.00774999
381.0000	0.00797112
380.0000	0.0080993
379.0000	0.00824803
378.0000	0.00839574
377.0000	0.00863155
376.0000	0.00884947
375.0000	0.00903419
374.0000	0.00926572
373.0000	0.00961443
372.0000	0.00974581
371.0000	0.00995073
370.0000	0.0100487
369.0000	0.0103774
368.0000	0.0105919
367.0000	0.0109601
366.0000	0.0111773
365.0000	0.0114773
364.0000	0.0116556
363.0000	0.0118739
362.0000	0.0122184
361.0000	0.012415
360.0000	0.0126687
359.0000	0.0128702
358.0000	0.0132422
357.0000	0.0135707
356.0000	0.0137322
355.0000	0.0139679
354.0000	0.0143425
353.0000	0.0146787
352.0000	0.0150592
351.0000	0.0154896
350.0000	0.0159741
349.0000	0.0165022
348.0000	0.0170073
347.0000	0.0174333
346.0000	0.0179438
345.0000	0.0184405
344.0000	0.0189031
343.0000	0.019507
342.0000	0.0201456
341.0000	0.0209437
340.0000	0.0217938
339.0000	0.0226381
338.0000	0.0236134
337.0000	0.0247951
336.0000	0.0260854
335.0000	0.027484
334.0000	0.0289901
333.0000	0.0306504
332.0000	0.0325008
331.0000	0.0344581
330.0000	0.0365572
329.0000	0.0388125
328.0000	0.041276
327.0000	0.0438432
326.0000	0.0466351
325.0000	0.0494884
324.0000	0.0526753
323.0000	0.0558782
322.0000	0.0592608
321.0000	0.0628318
320.0000	0.0665515
319.0000	0.0703277
318.0000	0.0741337
317.0000	0.0780438
316.0000	0.0819363
315.0000	0.0859199
314.0000	0.0899566
313.0000	0.0939326
312.0000	0.0979367
311.0000	0.102011
310.0000	0.106135
309.0000	0.11027
308.0000	0.114491
307.0000	0.118639
306.0000	0.122891
305.0000	0.127219
304.0000	0.131427
303.0000	0.135626
302.0000	0.139789
301.0000	0.143928
300.0000	0.148023
299.0000	0.151929
298.0000	0.15581
297.0000	0.159564
296.0000	0.163254
295.0000	0.166792
294.0000	0.170111
293.0000	0.173212
292.0000	0.176086
291.0000	0.178796
290.0000	0.181114
289.0000	0.18312
288.0000	0.184833
287.0000	0.18629
286.0000	0.18741
285.0000	0.188182
284.0000	0.18871
283.0000	0.188822
282.0000	0.18869
281.0000	0.188338
280.0000	0.187708
279.0000	0.186889
278.0000	0.185886
277.0000	0.184808
276.0000	0.183584
275.0000	0.182282
274.0000	0.181127
273.0000	0.179876
272.0000	0.178695
271.0000	0.177643
270.0000	0.176802
269.0000	0.176143
268.0000	0.175801
267.0000	0.175753
266.0000	0.176174
265.0000	0.177172
264.0000	0.178898
263.0000	0.181533
262.0000	0.185357
261.0000	0.19081
260.0000	0.197282
259.0000	0.204036
258.0000	0.207896
257.0000	0.203511
256.0000	0.192496
255.0000	0.181852
254.0000	0.168162
253.0000	0.154578
252.0000	0.144734
251.0000	0.13789
250.0000	0.131931
249.0000	0.129894
248.0000	0.129256
247.0000	0.12735
246.0000	0.123949
245.0000	0.122324
244.0000	0.120289
243.0000	0.118753
242.0000	0.116201
241.0000	0.109783
240.0000	0.107244
239.0000	0.106581
238.0000	0.10675
237.0000	0.106178
236.0000	0.105375
235.0000	0.105248
234.0000	0.107576
233.0000	0.109614
232.0000	0.10609
231.0000	0.104201
230.0000	0.100617
229.0000	0.0973885
228.0000	0.0972653
227.0000	0.0955418
226.0000	0.0958888
225.0000	0.0994692
224.0000	0.098685
223.0000	0.1022
222.0000	0.102561
221.0000	0.0970324
220.0000	0.0948493
219.0000	0.0905481
218.0000	0.0898885
217.0000	0.0919449
216.0000	0.0897911
215.0000	0.0867674
214.0000	0.0857589
213.0000	0.0881108
212.0000	0.092767
211.0000	0.0897481
210.0000	0.090088
209.0000	0.0862888
208.0000	0.087664
207.0000	0.0859617
206.0000	0.0844934
205.0000	0.0843859
204.0000	0.0804273
203.0000	0.078378
202.0000	0.0721501
201.0000	0.0737616
200.0000	0.0757991
