800.0000	-0.00232358
799.0000	-0.000752433
798.0000	0.000333267
797.0000	0.000278741
796.0000	-0.000376456
795.0000	0.000394742
794.0000	-9.97303E-005
793.0000	2.41698E-005
792.0000	0.000338969
791.0000	-0.000679792
790.0000	-3.40383E-005
789.0000	0.000235917
788.0000	0.000176758
787.0000	2.6902E-005
786.0000	-0.000911852
785.0000	-0.00110239
784.0000	-0.00162698
783.0000	-0.00149067
782.0000	-0.0022561
781.0000	-0.00182447
780.0000	-0.00209858
779.0000	-0.00182875
778.0000	-0.00217235
777.0000	-0.00142955
776.0000	-0.00257399
775.0000	-0.00282951
774.0000	-0.000990493
773.0000	-0.00273109
772.0000	-0.00171019
771.0000	-0.000754275
770.0000	-0.0015269
769.0000	-0.0009583
768.0000	-0.0015585
767.0000	-0.00189088
766.0000	-0.00131883
765.0000	-0.00235387
764.0000	-0.001599
763.0000	-0.00224803
762.0000	-0.00171002
761.0000	-0.00174773
760.0000	-0.00156859
759.0000	-0.0014738
758.0000	-0.000875502
757.0000	-0.000285343
756.0000	-5.20353E-005
755.0000	0.000465245
754.0000	-0.000104126
753.0000	0.000163216
752.0000	2.63675E-005
751.0000	-0.000678663
750.0000	-0.00208457
749.0000	-0.0024312
748.0000	-0.00319017
747.0000	-0.00308777
746.0000	-0.00282054
745.0000	-0.00274523
744.0000	-0.00395281
743.0000	-0.0023569
742.0000	-0.0018082
741.0000	-0.00319902
740.0000	-0.00251768
739.0000	-0.00272218
738.0000	-0.0025162
737.0000	-0.00230326
736.0000	-0.00250919
735.0000	-0.00226917
734.0000	-0.00177761
733.0000	-0.00162241
732.0000	-0.00138512
731.0000	-0.00195562
730.0000	-0.00206164
729.0000	-0.0010503
728.0000	-0.000624316
727.0000	-0.000425696
726.0000	-0.000120103
725.0000	-0.000521026
724.0000	-0.00096911
723.0000	-0.00128611
722.0000	-0.00232019
721.0000	-0.00274529
720.0000	-0.00379393
719.0000	-0.00373892
718.0000	-0.00327623
717.0000	-0.00315756
716.0000	-0.0035137
715.0000	-0.00328051
714.0000	-0.00284109
713.0000	-0.00259335
712.0000	-0.00353401
711.0000	-0.00299659
710.0000	-0.00321535
709.0000	-0.00274487
708.0000	-0.0032315
707.0000	-0.00314615
706.0000	-0.00328573
705.0000	-0.00277653
704.0000	-0.00291873
703.0000	-0.00336158
702.0000	-0.00221738
701.0000	-0.00304126
700.0000	-0.00154739
699.0000	-0.00256538
698.0000	-0.00203444
697.0000	-0.00333135
696.0000	-0.00241083
695.0000	-0.00298418
694.0000	-0.00268417
693.0000	-0.00245359
692.0000	-0.00179757
691.0000	-0.00114569
690.0000	-0.00167972
689.0000	-0.00125837
688.0000	-0.00125605
687.0000	-0.00167919
686.0000	-0.00173092
685.0000	-0.00191701
684.0000	-0.00205433
683.0000	-0.00193661
682.0000	-0.00146002
681.0000	-0.00224018
680.0000	-0.00199981
679.0000	-0.00181449
678.0000	-0.00206651
677.0000	-0.000939412
676.0000	-0.00171887
675.0000	-0.000822758
674.0000	-0.00113702
673.0000	-0.000766094
672.0000	-0.00120955
671.0000	-0.00135162
670.0000	-0.00057965
669.0000	-0.00184692
668.0000	-0.00161938
667.0000	-0.00220496
666.0000	-0.00275046
665.0000	-0.00199244
664.0000	-0.00255962
663.0000	-0.00266718
662.0000	-0.00325984
661.0000	-0.00250123
660.0000	0.00523837
659.0000	0.00310498
658.0000	0.00401463
657.0000	0.0039689
656.0000	0.00448392
655.0000	0.00476368
654.0000	0.00478726
653.0000	-0.000564088
652.0000	-0.00195348
651.0000	-0.00202101
650.0000	-0.00278366
649.0000	-0.00286592
648.0000	-0.00399569
647.0000	-0.00326613
646.0000	-0.00314366
645.0000	-0.00364763
644.0000	-0.00248294
643.0000	-0.00166024
642.0000	-0.00166054
641.0000	-0.0011843
640.0000	-0.00147273
639.0000	-0.000833034
638.0000	-0.000872651
637.0000	-0.00207144
636.0000	-0.00178141
635.0000	-0.00214598
634.0000	-0.00244356
633.0000	-0.00261848
632.0000	-0.00281775
631.0000	-0.00248733
630.0000	-0.00198508
629.0000	-0.0022523
628.0000	-0.00280504
627.0000	-0.00132501
626.0000	-0.00134176
625.0000	-0.00117284
624.0000	-0.00209484
623.0000	-0.00109865
622.0000	-0.00083143
621.0000	-0.00162128
620.0000	-0.00142842
619.0000	-0.0014504
618.0000	-0.00121578
617.0000	-0.00124245
616.0000	-0.00125094
615.0000	-0.00116161
614.0000	-0.00137829
613.0000	-0.00175124
612.0000	-0.00229715
611.0000	-0.00186641
610.0000	-0.0024056
609.0000	-0.00270787
608.0000	-0.00227659
607.0000	-0.00286087
606.0000	-0.00186391
605.0000	-0.00169232
604.0000	-0.00175605
603.0000	-0.00196233
602.0000	-0.00183469
601.0000	-0.00194303
600.0000	-0.00149756
599.0000	-0.00222403
598.0000	-0.00165905
597.0000	-0.00181331
596.0000	-0.00138637
595.0000	-0.00119814
594.0000	-0.00150611
593.0000	-0.00148508
592.0000	-0.00180832
591.0000	-0.00155565
590.0000	-0.00108279
589.0000	-0.00201317
588.0000	-0.00176359
587.0000	-0.00137294
586.0000	-0.00144588
585.0000	-0.00200818
584.0000	-0.00195004
583.0000	-0.00187739
582.0000	-0.00167046
581.0000	-0.00218204
580.0000	-0.00187508
579.0000	-0.00113477
578.0000	-0.00209734
577.0000	-0.0020206
576.0000	-0.00188191
575.0000	-0.00180909
574.0000	-0.00185399
573.0000	-0.00198431
572.0000	-0.00177993
571.0000	-0.00156224
570.0000	-0.00227066
569.0000	-0.00196019
568.0000	-0.00200729
567.0000	-0.00165484
566.0000	-0.00213191
565.0000	-0.00199963
564.0000	-0.00174696
563.0000	-0.00177755
562.0000	-0.00185619
561.0000	-0.00212983
560.0000	-0.00211403
559.0000	-0.00189129
558.0000	-0.00171964
557.0000	-0.0019944
556.0000	-0.0019239
555.0000	-0.00158956
554.0000	-0.00194326
553.0000	-0.00213422
552.0000	-0.00228414
551.0000	-0.00172879
550.0000	-0.00228467
549.0000	-0.00184312
548.0000	-0.00191826
547.0000	-0.00160679
546.0000	-0.00138209
545.0000	-0.00112289
544.0000	-0.00156194
543.0000	-0.00166387
542.0000	-0.00179507
541.0000	-0.00184657
540.0000	-0.00171578
539.0000	-0.00206253
538.0000	-0.00194992
537.0000	-0.00190258
536.0000	-0.00147944
535.0000	-0.001507
534.0000	-0.00162841
533.0000	-0.00141666
532.0000	-0.00117361
531.0000	-0.00128955
530.0000	-0.00136718
529.0000	-0.00145354
528.0000	-0.00144844
527.0000	-0.00145794
526.0000	-0.00175023
525.0000	-0.0019716
524.0000	-0.00153486
523.0000	-0.0018629
522.0000	-0.0018193
521.0000	-0.00168483
520.0000	-0.00148253
519.0000	-0.00169226
518.0000	-0.00178064
517.0000	-0.00133368
516.0000	-0.00171524
515.0000	-0.00152476
514.0000	-0.00167848
513.0000	-0.00182922
512.0000	-0.00205659
511.0000	-0.0020301
510.0000	-0.00203034
509.0000	-0.00199797
508.0000	-0.00158849
507.0000	-0.00172243
506.0000	-0.00146934
505.0000	-0.00122825
504.0000	-0.00109265
503.0000	-0.000993997
502.0000	-0.000938046
501.0000	-0.000839567
500.0000	-0.00080197
499.0000	-0.000883401
498.0000	-0.00107852
497.0000	-0.00110382
496.0000	-0.000895399
495.0000	-0.000767163
494.0000	-0.000813552
493.0000	-0.000811948
492.0000	-0.000504039
491.0000	-0.000755225
490.0000	-0.000854594
489.0000	-0.00018235
488.0000	-0.000238895
487.0000	0.000173491
486.0000	0.000370152
485.0000	0.000843419
484.0000	0.00139331
483.0000	0.00397543
482.0000	0.0024132
481.0000	0.00372211
480.0000	0.00439405
479.0000	0.00564725
478.0000	0.00683606
477.0000	0.00817723
476.0000	0.010007
475.0000	0.0118562
474.0000	0.0139349
473.0000	0.0162635
472.0000	0.0190144
471.0000	0.0221973
470.0000	0.0253238
469.0000	0.0286968
468.0000	0.0323581
467.0000	0.0361896
466.0000	0.0401552
465.0000	0.0438806
464.0000	0.0478
463.0000	0.0519788
462.0000	0.0563807
461.0000	0.0600465
460.0000	0.0637743
459.0000	0.0670459
458.0000	0.0707995
457.0000	0.0742823
456.0000	0.0777305
455.0000	0.0814246
454.0000	0.0848552
453.0000	0.0880994
452.0000	0.0914603
451.0000	0.0949128
450.0000	0.0983712
449.0000	0.102226
448.0000	0.106256
447.0000	0.110591
446.0000	0.115321
445.0000	0.120703
444.0000	0.126719
443.0000	0.132589
442.0000	0.139574
441.0000	0.147306
440.0000	0.155288
439.0000	0.164101
438.0000	0.173639
437.0000	0.183163
436.0000	0.192684
435.0000	0.202318
434.0000	0.212519
433.0000	0.222489
432.0000	0.23163
431.0000	0.24043
430.0000	0.249304
429.0000	0.256052
428.0000	0.262908
427.0000	0.268904
426.0000	0.274418
425.0000	0.279046
424.0000	0.283138
423.0000	0.286762
422.0000	0.290136
421.0000	0.293632
420.0000	0.296921
419.0000	0.300439
418.0000	0.304157
417.0000	0.307941
416.0000	0.312305
415.0000	0.316633
414.0000	0.321271
413.0000	0.326461
412.0000	0.331498
411.0000	0.336555
410.0000	0.341516
409.0000	0.346553
408.0000	0.350972
407.0000	0.354911
406.0000	0.358233
405.0000	0.361026
404.0000	0.362991
403.0000	0.364224
402.0000	0.364412
401.0000	0.364227
400.0000	0.363489
399.0000	0.3625
398.0000	0.361183
397.0000	0.359908
396.0000	0.358767
395.0000	0.357775
394.0000	0.357126
393.0000	0.357056
392.0000	0.357122
391.0000	0.357697
390.0000	0.358629
389.0000	0.35985
388.0000	0.361174
387.0000	0.362509
386.0000	0.363735
385.0000	0.364516
384.0000	0.365025
383.0000	0.365156
382.0000	0.364709
381.0000	0.363575
380.0000	0.362308
379.0000	0.360631
378.0000	0.359033
377.0000	0.357457
376.0000	0.356269
375.0000	0.355553
374.0000	0.355423
373.0000	0.356022
372.0000	0.357115
371.0000	0.358673
370.0000	0.360004
369.0000	0.361398
368.0000	0.362016
367.0000	0.361821
366.0000	0.360049
365.0000	0.357146
364.0000	0.352198
363.0000	0.34585
362.0000	0.338369
361.0000	0.32985
360.0000	0.320609
359.0000	0.311143
358.0000	0.301853
357.0000	0.293086
356.0000	0.284961
355.0000	0.277497
354.0000	0.271072
353.0000	0.26532
352.0000	0.260204
351.0000	0.255652
350.0000	0.251417
349.0000	0.247083
348.0000	0.242585
347.0000	0.237781
346.0000	0.232645
345.0000	0.227106
344.0000	0.221211
343.0000	0.215198
342.0000	0.20937
341.0000	0.20379
340.0000	0.198608
339.0000	0.194103
338.0000	0.19045
337.0000	0.187626
336.0000	0.185484
335.0000	0.18411
334.0000	0.183452
333.0000	0.18321
332.0000	0.183417
331.0000	0.183878
330.0000	0.184541
329.0000	0.185111
328.0000	0.185601
327.0000	0.185916
326.0000	0.186074
325.0000	0.185881
324.0000	0.185566
323.0000	0.184919
322.0000	0.184166
321.0000	0.183487
320.0000	0.18275
319.0000	0.181931
318.0000	0.181253
317.0000	0.180723
316.0000	0.180335
315.0000	0.180208
314.0000	0.180236
313.0000	0.180544
312.0000	0.181037
311.0000	0.181783
310.0000	0.182669
309.0000	0.183683
308.0000	0.184838
307.0000	0.186017
306.0000	0.187467
305.0000	0.189129
304.0000	0.19093
303.0000	0.193092
302.0000	0.195491
301.0000	0.198333
300.0000	0.201579
299.0000	0.205022
298.0000	0.208886
297.0000	0.213015
296.0000	0.217341
295.0000	0.221906
294.0000	0.226407
293.0000	0.230943
292.0000	0.235449
291.0000	0.239904
290.0000	0.244209
289.0000	0.248477
288.0000	0.252656
287.0000	0.25668
286.0000	0.260461
285.0000	0.263999
284.0000	0.267244
283.0000	0.270067
282.0000	0.272474
281.0000	0.27463
280.0000	0.27656
279.0000	0.278192
278.0000	0.279896
277.0000	0.281663
276.0000	0.283687
275.0000	0.286047
274.0000	0.288787
273.0000	0.292007
272.0000	0.295508
271.0000	0.299333
270.0000	0.303426
269.0000	0.307611
268.0000	0.312128
267.0000	0.316826
266.0000	0.322073
265.0000	0.327908
264.0000	0.334425
263.0000	0.341936
262.0000	0.350245
261.0000	0.359143
260.0000	0.36749
259.0000	0.373461
258.0000	0.37277
257.0000	0.358001
256.0000	0.338775
255.0000	0.320121
254.0000	0.297644
253.0000	0.279526
252.0000	0.264861
251.0000	0.255842
250.0000	0.249888
249.0000	0.244481
248.0000	0.243682
247.0000	0.242164
246.0000	0.240848
245.0000	0.240593
244.0000	0.237929
243.0000	0.237528
242.0000	0.233952
241.0000	0.229553
240.0000	0.225057
239.0000	0.225369
238.0000	0.22554
237.0000	0.221918
236.0000	0.22392
235.0000	0.223963
234.0000	0.226261
233.0000	0.225545
232.0000	0.220961
231.0000	0.220946
230.0000	0.216581
229.0000	0.21458
228.0000	0.213074
227.0000	0.213524
226.0000	0.215138
225.0000	0.217615
224.0000	0.22262
223.0000	0.227248
222.0000	0.224817
221.0000	0.219017
220.0000	0.215379
219.0000	0.21565
218.0000	0.209342
217.0000	0.206695
216.0000	0.209206
215.0000	0.210473
214.0000	0.209571
213.0000	0.205594
212.0000	0.205134
211.0000	0.201957
210.0000	0.197733
209.0000	0.194459
208.0000	0.196539
207.0000	0.1928
206.0000	0.195182
205.0000	0.199659
204.0000	0.202836
203.0000	0.19901
202.0000	0.193651
201.0000	0.193323
200.0000	0.190831
