c -0.0003930052 0.0000940014 0.0000265651
c -0.0000424019 -0.0000227549 -0.0002138609
c -0.0000825044 -0.0003670554 0.0004460288
c -0.0001219887 -0.0002880059 -0.0001242226
c 0.0000753588 -0.0001923539 -0.0002874146
c -0.0001103619 -0.0000468152 -0.0002703275
h 0.0002753019 -0.0004056320 -0.0006160780
h 0.0011770231 -0.0007110428 0.0003272768
h -0.0006945460 0.0009283659 -0.0010546424
h -0.0000654307 0.0005269683 0.0011796360
c 0.0000388137 0.0000084878 -0.0001151610
c 0.0003027890 -0.0001300218 0.0000174549
c 0.0001088929 -0.0000634322 -0.0001462948
c 0.0002606333 -0.0000851205 -0.0001132237
c -0.0002425892 -0.0002666592 -0.0001285830
c -0.0001005109 0.0001157776 -0.0000987506
h 0.0006927537 0.0010496559 -0.0000826578
c -0.0000775917 0.0001410029 -0.0001399965
s -0.0000102263 -0.0000901174 0.0001814213
c -0.0002294070 0.0000161821 -0.0001675423
s 0.0000043680 0.0000345594 -0.0000275466
h 0.0010810854 0.0007900001 -0.0008560691
h -0.0008278682 0.0006549200 -0.0013431598
h -0.0007766729 -0.0000183862 -0.0000404416
h 0.0003104283 -0.0012474944 -0.0009087326
h 0.0000942645 0.0004846780 -0.0011991983
$end
