800.0000	0.0264748
799.0000	0.0273954
798.0000	0.0276884
797.0000	0.0277126
796.0000	0.027546
795.0000	0.0275584
794.0000	0.0281888
793.0000	0.0290499
792.0000	0.0293761
791.0000	0.028096
790.0000	0.0271083
789.0000	0.0274408
788.0000	0.0271315
787.0000	0.0261268
786.0000	0.0254447
785.0000	0.0248031
784.0000	0.0250281
783.0000	0.0241394
782.0000	0.0230196
781.0000	0.0231241
780.0000	0.02283
779.0000	0.0224028
778.0000	0.0214421
777.0000	0.0224496
776.0000	0.0220454
775.0000	0.022092
774.0000	0.0236645
773.0000	0.0226142
772.0000	0.0238031
771.0000	0.0238296
770.0000	0.0227332
769.0000	0.0222971
768.0000	0.0212094
767.0000	0.0209967
766.0000	0.0206882
765.0000	0.0198679
764.0000	0.0200138
763.0000	0.0197314
762.0000	0.0202994
761.0000	0.0199833
760.0000	0.0201632
759.0000	0.0199983
758.0000	0.0207806
757.0000	0.0208092
756.0000	0.0203392
755.0000	0.0205146
754.0000	0.019951
753.0000	0.0198263
752.0000	0.019794
751.0000	0.0188312
750.0000	0.0181429
749.0000	0.0174915
748.0000	0.0164036
747.0000	0.0161266
746.0000	0.0157496
745.0000	0.0163115
744.0000	0.0150424
743.0000	0.0165788
742.0000	0.0174273
741.0000	0.0165261
740.0000	0.00982077
739.0000	0.00956715
738.0000	0.0100563
737.0000	0.0105875
736.0000	0.011247
735.0000	0.0108145
734.0000	0.0113554
733.0000	0.0111893
732.0000	0.0102267
731.0000	0.00919391
730.0000	0.00884561
729.0000	0.00920008
728.0000	0.00893191
727.0000	0.00930094
726.0000	0.0101162
725.0000	0.0100601
724.0000	0.0097296
723.0000	0.00998292
722.0000	0.00907618
721.0000	0.00945786
720.0000	0.00727951
719.0000	0.00741957
718.0000	0.00767604
717.0000	0.00707501
716.0000	0.0066495
715.0000	0.00685418
714.0000	0.00702726
713.0000	0.00728593
712.0000	0.0064684
711.0000	0.00713126
710.0000	0.00690532
709.0000	0.00703664
708.0000	0.00660875
707.0000	0.00605435
706.0000	0.00587789
705.0000	0.00584427
704.0000	0.0056349
703.0000	0.00513098
702.0000	0.00554058
701.0000	0.00556754
700.0000	0.00671573
699.0000	0.00598034
698.0000	0.00639249
697.0000	0.00551391
696.0000	0.0060853
695.0000	0.00578535
694.0000	0.00529183
693.0000	0.00541935
692.0000	0.00506131
691.0000	0.00554574
690.0000	0.00511756
689.0000	0.00553713
688.0000	0.00572363
687.0000	0.00530899
686.0000	0.00519958
685.0000	0.00551795
684.0000	0.00541721
683.0000	0.00497542
682.0000	0.00515533
681.0000	0.00405888
680.0000	0.00509237
679.0000	0.00537635
678.0000	0.00516989
677.0000	0.00605952
676.0000	0.00620254
675.0000	0.00679799
674.0000	0.0067696
673.0000	0.00630209
672.0000	0.00542357
671.0000	0.00478334
670.0000	0.0049873
669.0000	0.00329285
668.0000	0.00298328
667.0000	0.00246107
666.0000	0.00252468
665.0000	0.0040059
664.0000	0.00341432
663.0000	0.00347745
662.0000	0.00354368
661.0000	0.00429308
660.0000	-0.000940006
659.0000	-0.00254126
658.0000	-0.000914169
657.0000	-0.00076752
656.0000	-0.000608635
655.0000	-0.000580957
654.0000	-0.00121263
653.0000	0.00370441
652.0000	0.00228027
651.0000	0.00238397
650.0000	0.00190875
649.0000	0.00164853
648.0000	0.0009653
647.0000	0.00155938
646.0000	0.00199546
645.0000	0.00137911
644.0000	0.00235665
643.0000	0.0029246
642.0000	0.00264062
641.0000	0.00285225
640.0000	0.00248881
639.0000	0.00307713
638.0000	0.0033415
637.0000	0.00252023
636.0000	0.00274427
635.0000	0.00241231
634.0000	0.00199018
633.0000	0.00196393
632.0000	0.00131847
631.0000	0.00166445
630.0000	0.00210089
629.0000	0.00179037
628.0000	0.00132013
627.0000	0.00243054
626.0000	0.00237685
625.0000	0.00238528
624.0000	0.00203092
623.0000	0.00256501
622.0000	0.00264852
621.0000	0.00175349
620.0000	0.000425271
619.0000	1.21718E-005
618.0000	0.000551785
617.0000	0.000531234
616.0000	0.000291096
615.0000	0.000521909
614.0000	0.000484251
613.0000	0.000382447
612.0000	-0.000118381
611.0000	1.13997E-005
610.0000	-0.000108937
609.0000	-0.000215671
608.0000	3.43859E-005
607.0000	-0.000232659
606.0000	0.000338969
605.0000	0.000503733
604.0000	0.000491973
603.0000	0.000349779
602.0000	0.000332554
601.0000	0.000173254
600.0000	0.000567465
599.0000	7.50128E-005
598.0000	0.000395098
597.0000	6.15893E-005
596.0000	0.000519295
595.0000	0.00068602
594.0000	0.000467858
593.0000	0.000426756
592.0000	0.000463403
591.0000	0.00088369
590.0000	0.00120663
589.0000	0.000759968
588.0000	0.00104216
587.0000	0.00140358
586.0000	0.00120639
585.0000	0.000768283
584.0000	0.000807069
583.0000	0.000746426
582.0000	0.000821205
581.0000	0.000378586
580.0000	0.000662202
579.0000	0.00134567
578.0000	0.000502605
577.0000	0.000683585
576.0000	0.000775054
575.0000	0.0011281
574.0000	0.000956687
573.0000	0.00119623
572.0000	0.00121049
571.0000	0.00141576
570.0000	0.0010968
569.0000	0.00110696
568.0000	0.00119267
567.0000	0.00135102
566.0000	0.00120544
565.0000	0.00134924
564.0000	0.00146791
563.0000	0.00157987
562.0000	0.00176507
561.0000	0.0019053
560.0000	0.00181947
559.0000	0.00191968
558.0000	0.00231656
557.0000	0.00182678
556.0000	0.00188267
555.0000	0.00203882
554.0000	0.00199671
553.0000	0.0021733
552.0000	0.00189063
551.0000	0.00254791
550.0000	0.00232232
549.0000	0.00253787
548.0000	0.00279844
547.0000	0.00270584
546.0000	0.0028519
545.0000	0.00313914
544.0000	0.00285178
543.0000	0.00284839
542.0000	0.00282843
541.0000	0.00243975
540.0000	0.00287892
539.0000	0.00259881
538.0000	0.0030052
537.0000	0.00326577
536.0000	0.00358609
535.0000	0.00374919
534.0000	0.00388616
533.0000	0.00414043
532.0000	0.0042382
531.0000	0.00412879
530.0000	0.00404766
529.0000	0.00388384
528.0000	0.00405888
527.0000	0.00411264
526.0000	0.00389709
525.0000	0.00390938
524.0000	0.00445125
523.0000	0.00431351
522.0000	0.00439025
521.0000	0.00438538
520.0000	0.0046785
519.0000	0.00468616
518.0000	0.00443462
517.0000	0.00452597
516.0000	0.0042948
515.0000	0.00443836
514.0000	0.00442506
513.0000	0.00456446
512.0000	0.00436222
511.0000	0.00492856
510.0000	0.00480454
509.0000	0.00473635
508.0000	0.00493937
507.0000	0.00497079
506.0000	0.00514132
505.0000	0.00520071
504.0000	0.00534083
503.0000	0.00519323
502.0000	0.00530163
501.0000	0.00562718
500.0000	0.00561185
499.0000	0.00551076
498.0000	0.00550375
497.0000	0.00548552
496.0000	0.00564541
495.0000	0.00556154
494.0000	0.0055404
493.0000	0.00574757
492.0000	0.00617896
491.0000	0.00604592
490.0000	0.006195
489.0000	0.00611066
488.0000	0.00616922
487.0000	0.006238
486.0000	0.00609504
485.0000	0.0060354
484.0000	0.0060907
483.0000	0.00761849
482.0000	0.00595534
481.0000	0.00654455
480.0000	0.00654437
479.0000	0.00683185
478.0000	0.00687859
477.0000	0.00677578
476.0000	0.00691262
475.0000	0.00712134
474.0000	0.00724007
473.0000	0.00718543
472.0000	0.0072529
471.0000	0.00748033
470.0000	0.00781182
469.0000	0.00781913
468.0000	0.0078632
467.0000	0.00804263
466.0000	0.00833557
465.0000	0.0083882
464.0000	0.00845538
463.0000	0.00851715
462.0000	0.00886646
461.0000	0.00876637
460.0000	0.00888891
459.0000	0.00888659
458.0000	0.00915061
457.0000	0.00929322
456.0000	0.00937691
455.0000	0.00965874
454.0000	0.00996309
453.0000	0.0100878
452.0000	0.0103193
451.0000	0.0104792
450.0000	0.0101686
449.0000	0.0103343
448.0000	0.0104836
447.0000	0.0106109
446.0000	0.0107409
445.0000	0.0109144
444.0000	0.0112668
443.0000	0.011326
442.0000	0.0112933
441.0000	0.0116364
440.0000	0.0117171
439.0000	0.0118585
438.0000	0.0118924
437.0000	0.0118237
436.0000	0.012095
435.0000	0.0121644
434.0000	0.0123848
433.0000	0.012574
432.0000	0.0127717
431.0000	0.0127706
430.0000	0.0131344
429.0000	0.0132404
428.0000	0.0134499
427.0000	0.0135876
426.0000	0.0138528
425.0000	0.0142273
424.0000	0.0143152
423.0000	0.0145792
422.0000	0.0147852
421.0000	0.0150126
420.0000	0.0150676
419.0000	0.0154048
418.0000	0.0154868
417.0000	0.0157308
416.0000	0.0159482
415.0000	0.0163051
414.0000	0.0165361
413.0000	0.0168779
412.0000	0.0171315
411.0000	0.0173441
410.0000	0.0177466
409.0000	0.0178607
408.0000	0.0181611
407.0000	0.0184837
406.0000	0.0186936
405.0000	0.0189352
404.0000	0.0191162
403.0000	0.0194223
402.0000	0.0196636
401.0000	0.0198029
400.0000	0.0200293
399.0000	0.0203198
398.0000	0.0206257
397.0000	0.0210908
396.0000	0.0213995
395.0000	0.0217732
394.0000	0.0222021
393.0000	0.0226396
392.0000	0.0230032
391.0000	0.0234954
390.0000	0.023895
389.0000	0.0243589
388.0000	0.0248046
387.0000	0.0251972
386.0000	0.0255912
385.0000	0.0258579
384.0000	0.0262099
383.0000	0.0266284
382.0000	0.0270383
381.0000	0.0274504
380.0000	0.0278417
379.0000	0.0282882
378.0000	0.0287845
377.0000	0.0291861
376.0000	0.0297143
375.0000	0.0301918
374.0000	0.0307551
373.0000	0.0312905
372.0000	0.0317017
371.0000	0.0323197
370.0000	0.0327658
369.0000	0.0332557
368.0000	0.0337814
367.0000	0.0344367
366.0000	0.0350159
365.0000	0.0357122
364.0000	0.0363314
363.0000	0.0369325
362.0000	0.0376446
361.0000	0.0383771
360.0000	0.0391353
359.0000	0.0398096
358.0000	0.0405789
357.0000	0.0415634
356.0000	0.0424919
355.0000	0.043414
354.0000	0.0444903
353.0000	0.0456921
352.0000	0.0469945
351.0000	0.0482419
350.0000	0.0497497
349.0000	0.0512585
348.0000	0.0528351
347.0000	0.0544103
346.0000	0.0561177
345.0000	0.0578706
344.0000	0.0596719
343.0000	0.0616098
342.0000	0.0637611
341.0000	0.0660211
340.0000	0.0683908
339.0000	0.0708682
338.0000	0.07362
337.0000	0.0766673
336.0000	0.0798975
335.0000	0.0833357
334.0000	0.0871188
333.0000	0.0910446
332.0000	0.095422
331.0000	0.100028
330.0000	0.105025
329.0000	0.110381
328.0000	0.116164
327.0000	0.122359
326.0000	0.128972
325.0000	0.136078
324.0000	0.143634
323.0000	0.151543
322.0000	0.159837
321.0000	0.168554
320.0000	0.177456
319.0000	0.1865
318.0000	0.195637
317.0000	0.204849
316.0000	0.213991
315.0000	0.222874
314.0000	0.23159
313.0000	0.240038
312.0000	0.248258
311.0000	0.256145
310.0000	0.263707
309.0000	0.271027
308.0000	0.277992
307.0000	0.284605
306.0000	0.290696
305.0000	0.296448
304.0000	0.301623
303.0000	0.306284
302.0000	0.310313
301.0000	0.313657
300.0000	0.316494
299.0000	0.318656
298.0000	0.320383
297.0000	0.321632
296.0000	0.322526
295.0000	0.323108
294.0000	0.323504
293.0000	0.323927
292.0000	0.324759
291.0000	0.32612
290.0000	0.328192
289.0000	0.330608
288.0000	0.332696
287.0000	0.33386
286.0000	0.334157
285.0000	0.333594
284.0000	0.332155
283.0000	0.329744
282.0000	0.326812
281.0000	0.32393
280.0000	0.321195
279.0000	0.318316
278.0000	0.314886
277.0000	0.310893
276.0000	0.306585
275.0000	0.302187
274.0000	0.297776
273.0000	0.293113
272.0000	0.288421
271.0000	0.284066
270.0000	0.280077
269.0000	0.276412
268.0000	0.272929
267.0000	0.270067
266.0000	0.267786
265.0000	0.266237
264.0000	0.265363
263.0000	0.265585
262.0000	0.267095
261.0000	0.270243
260.0000	0.274636
259.0000	0.28069
258.0000	0.284542
257.0000	0.283471
256.0000	0.278285
255.0000	0.268273
254.0000	0.258137
253.0000	0.247666
252.0000	0.235872
251.0000	0.228785
250.0000	0.221797
249.0000	0.218169
248.0000	0.215348
247.0000	0.211556
246.0000	0.208827
245.0000	0.207822
244.0000	0.206428
243.0000	0.203889
242.0000	0.202331
241.0000	0.199924
240.0000	0.197744
239.0000	0.1966
238.0000	0.193332
237.0000	0.190274
236.0000	0.188408
235.0000	0.186224
234.0000	0.184621
233.0000	0.18457
232.0000	0.178994
231.0000	0.179255
230.0000	0.175275
229.0000	0.171696
228.0000	0.169227
227.0000	0.173287
226.0000	0.170437
225.0000	0.172423
224.0000	0.174304
223.0000	0.177724
222.0000	0.175899
221.0000	0.169438
220.0000	0.169368
219.0000	0.168514
218.0000	0.164397
217.0000	0.16295
216.0000	0.166753
215.0000	0.170612
214.0000	0.170367
213.0000	0.168175
212.0000	0.168291
211.0000	0.16692
210.0000	0.161233
209.0000	0.153074
208.0000	0.150058
207.0000	0.149007
206.0000	0.145704
205.0000	0.150199
204.0000	0.148877
203.0000	0.146053
202.0000	0.143526
201.0000	0.144298
200.0000	0.144137
