-1422.1
-1417.0
-1416.0
-1415.5
-1372.0
-1385.3
-1403.6
-1409.6
-1450.3
-1421.3
-1452.2
-1467.4
-1449.8
-1472.4
-1482.6
-1500.4
-1478.5
-1495.4
-1500.3
-1467.6
-1416.8
-1425.5
-1437.9
-1423.1
-1432.3
-1462.2
-1494.8
-1484.9
-1474.3
-1462.7
-1427.1
-1445.9
-1439.7
-1444.7
-1452.5
-1449.6
-1458.5
-1443.2
-1433.8
-1463.7
-1432.9
-1442.6
-1432.8
-1453.6
-1438.5
-1440.5
-1422.8
-1406.8
-1420.8
-1455.6
-1384.3
-1408.9
-1421.3
-1379.6
-1412.3
-1402.5
-1394.0
-1392.1
-1410.2
-1419.8
-1424.1
-1432.5
-1399.4
-1418.2
-1407.7
-1417.6
-1440.7
-1451.0
-1435.1
-1417.5
-1430.8
-1442.6
-1455.4
-1427.7
-1435.5
-1443.8
-1421.0
-1437.4
-1445.5
-1420.0
-1432.3
-1426.4
-1432.9
-1404.5
-1406.5
-1405.4
-1410.7
-1411.5
-1414.8
-1400.5
-1438.7
-1431.7
-1434.6
-1418.8
-1416.9
-1431.2
-1415.2
-1419.1
-1418.0
-1431.9
-1445.5
-1414.5
-1425.0
-1438.4
-1438.9
-1425.1
-1433.8
-1433.0
-1457.5
-1442.3
-1433.4
-1414.8
-1404.4
-1446.1
-1447.3
-1436.9
-1448.4
-1439.6
-1453.4
-1441.5
-1426.6
-1435.8
-1451.0
-1456.8
-1431.6
-1414.5
-1425.2
-1432.2
-1425.6
-1420.1
-1456.6
-1456.0
-1451.6
-1447.9
-1454.2
-1465.8
-1431.6
-1446.6
-1445.6
-1419.5
-1403.0
-1403.3
-1421.8
-1414.4
-1432.5
-1470.5
-1463.3
-1453.9
-1421.7
-1420.5
-1427.1
-1422.8
-1414.5
-1443.4
-1444.5
-1439.7
-1455.5
-1461.6
-1439.8
-1462.7
-1419.4
-1420.1
-1405.4
-1433.9
-1417.1
-1390.3
-1410.8
-1394.2
-1421.5
-1430.2
-1432.9
-1425.5
-1437.7
-1429.1
-1437.4
-1443.1
-1420.0
-1454.3
-1446.7
-1442.1
-1398.8
-1402.0
-1409.3
-1393.6
-1425.3
-1426.4
-1398.3
-1408.4
-1397.4
-1420.4
-1461.6
-1477.5
-1480.4
-1469.9
-1466.8
-1463.0
-1453.8
-1460.5
-1448.3
-1448.1
-1414.7
-1408.6
-1424.1
-1446.6
-1439.3
-1458.9
-1448.0
-1435.8
-1455.1
-1458.1
-1386.9
-1404.2
-1423.5
-1415.8
-1417.2
-1415.2
-1438.9
-1408.5
-1430.3
-1420.9
-1437.7
-1456.6
-1446.7
-1433.3
-1428.4
-1430.4
-1446.7
-1425.2
-1430.8
-1434.1
-1450.7
-1411.9
-1437.5
-1438.9
-1442.6
-1425.8
-1425.1
-1426.4
-1436.4
-1446.7
-1443.5
-1416.1
-1429.5
-1413.6
-1422.8
-1437.7
-1461.3
-1438.3
-1444.8
-1431.1
-1437.8
-1455.8
-1451.6
-1455.2
-1451.6
-1460.9
-1429.0
-1447.6
-1439.1
-1444.6
-1421.0
-1410.0
-1423.6
-1412.9
-1397.7
-1402.2
-1415.4
-1416.2
-1393.0
-1436.5
-1452.6
-1433.8
-1439.1
-1441.4
-1444.6
-1416.2
-1433.4
-1444.7
-1438.7
-1428.3
-1432.1
-1420.7
-1428.8
-1443.7
-1448.8
-1450.7
-1457.6
-1441.5
-1466.9
-1415.1
-1407.5
-1401.3
-1419.4
-1434.9
-1429.2
-1433.8
-1414.8
-1438.6
-1420.6
-1430.4
-1419.9
-1431.6
-1422.4
-1423.5
-1410.0
-1411.2
-1414.3
-1397.5
-1392.0
-1408.3
-1389.7
-1393.2
-1406.2
-1422.1
-1417.4
-1431.7
-1414.3
-1431.0
-1425.7
-1423.9
-1401.4
-1426.4
-1425.2
-1418.3
-1402.0
-1423.7
-1410.2
-1409.5
-1403.4
-1410.9
-1436.2
-1461.2
-1460.2
-1441.0
-1437.9
-1441.7
-1428.0
-1458.6
-1439.9
-1451.3
-1425.2
-1429.5
-1418.4
-1417.4
-1419.2
-1431.4
-1413.3
-1423.3
-1443.8
-1408.0
-1411.7
-1409.8
-1432.2
-1438.6
-1489.2
-1463.8
-1524.1
-1505.7
-1496.2
-1510.9
-1413.9
-1416.3
-1415.6
-1403.9
-1401.7
-1422.9
-1407.5
-1384.1
-1390.2
-1426.9
-1453.3
-1450.1
-1424.9
-1405.4
-1427.3
-1509.8
-1475.0
-1471.8
-1491.8
-1502.4
-1430.7
-1411.5
-1412.4
-1411.1
-1428.4
-1445.4
-1479.2
-1467.4
-1451.4
-1465.0
-1392.6
-1403.7
-1411.6
-1414.0
-1398.8
-1427.1
-1435.8
-1429.5
-1448.6
-1444.6
-1417.6
-1442.0
-1429.9
-1423.9
-1429.2
-1423.9
-1414.5
-1424.2
-1431.8
-1433.9
-1402.6
-1408.8
-1407.3
-1411.7
-1434.5
-1423.1
-1421.8
-1427.9
-1426.5
-1416.6
-1421.2
-1407.0
-1407.8
-1424.0
-1422.9
-1431.2
-1428.1
-1418.1
-1419.6
-1446.2
-1440.3
-1453.0
-1451.9
-1463.0
-1468.5
-1452.3
-1455.1
-1462.4
-1444.4
-1435.1
-1414.4
-1421.7
-1436.0
-1429.9
-1419.7
-1427.2
-1435.7
-1432.8
-1408.2
-1416.9
-1432.6
-1422.2
-1405.4
-1413.1
-1392.1
-1398.4
-1423.6
-1428.9
-1419.6
-1417.1
-1415.1
-1420.4
-1407.2
-1413.5
-1426.0
-1452.0
-1421.6
-1408.1
-1413.4
-1454.4
-1391.1
-1386.0
-1413.4
-1408.0
-1403.4
-1418.8
-1443.3
-1416.7
-1430.7
-1444.9
-1461.0
-1463.3
-1438.4
-1441.6
-1457.1
-1425.1
-1427.9
-1458.6
-1465.1
-1497.9
-1441.3
-1446.2
-1453.1
-1429.6
-1470.3
-1454.4
-1473.0
-1448.6
-1462.1
-1445.4
